10L.txt	0.75	20	28750.14	28750.14	0.00
10L.txt	0.75	20	28750.14	28750.14	0.00
10L.txt	0.75	20	28750.14	28750.14	0.00
10L.txt	0.75	20	28750.14	28750.14	0.00
10L.txt	0.75	20	28750.14	28750.14	0.00
10L.txt	0.75	20	28750.14	28750.14	0.00
10L.txt	0.75	20	28750.14	28750.14	0.00
10L.txt	0.75	20	28750.14	28750.14	0.00
10L.txt	0.75	20	28750.14	28750.14	0.00
10L.txt	0.75	20	28750.14	28750.14	0.00
10L.txt	0.75	30	61712.47	61712.47	0.00
10L.txt	0.75	30	61712.47	61712.47	0.00
10L.txt	0.75	30	61712.47	61712.47	0.00
10L.txt	0.75	30	61712.47	61712.47	0.00
10L.txt	0.75	30	61712.47	61712.47	0.00
10L.txt	0.75	30	61712.47	61712.47	0.00
10L.txt	0.75	30	61712.47	61712.47	0.00
10L.txt	0.75	30	61712.47	61712.47	0.00
10L.txt	0.75	30	61712.47	61712.47	0.00
10L.txt	0.75	30	61712.47	61712.47	0.00
10L.txt	0.75	50	139645.40	139645.40	0.00
10L.txt	0.75	50	139645.40	139645.40	0.00
10L.txt	0.75	50	139645.40	139645.40	0.00
10L.txt	0.75	50	139645.40	139645.40	0.00
10L.txt	0.75	50	139645.40	139645.40	0.00
10L.txt	0.75	50	139645.40	139645.40	0.00
10L.txt	0.75	50	139645.40	139645.40	0.00
10L.txt	0.75	50	139645.40	139645.40	0.00
10L.txt	0.75	50	139645.40	139645.40	0.00
10L.txt	0.75	50	139645.40	139645.40	0.00
10T.txt	0.75	20	27530.56	27530.56	0.00
10T.txt	0.75	20	27530.56	27530.56	0.00
10T.txt	0.75	20	27530.56	27530.56	0.00
10T.txt	0.75	20	27530.56	27530.56	0.00
10T.txt	0.75	20	27530.56	27530.56	0.00
10T.txt	0.75	20	27530.56	27530.56	0.00
10T.txt	0.75	20	27530.56	27530.56	0.00
10T.txt	0.75	20	27530.56	27530.56	0.00
10T.txt	0.75	20	27530.56	27530.56	0.00
10T.txt	0.75	20	27530.56	27530.56	0.00
10T.txt	0.75	30	60262.13	60262.13	0.00
10T.txt	0.75	30	60262.13	60262.13	0.00
10T.txt	0.75	30	60262.13	60262.13	0.00
10T.txt	0.75	30	60262.13	60262.13	0.00
10T.txt	0.75	30	60262.13	60262.13	0.00
10T.txt	0.75	30	60262.13	60262.13	0.00
10T.txt	0.75	30	60262.13	60262.13	0.00
10T.txt	0.75	30	60262.13	60262.13	0.00
10T.txt	0.75	30	60262.13	60262.13	0.00
10T.txt	0.75	30	60262.13	60262.13	0.00
10T.txt	0.75	50	138045.51	138045.51	0.00
10T.txt	0.75	50	138045.51	138045.51	0.00
10T.txt	0.75	50	138045.51	138045.51	0.00
10T.txt	0.75	50	138045.51	138045.51	0.00
10T.txt	0.75	50	138045.51	138045.51	0.00
10T.txt	0.75	50	138045.51	138045.51	0.00
10T.txt	0.75	50	138045.51	138045.51	0.00
10T.txt	0.75	50	138045.51	138045.51	0.00
10T.txt	0.75	50	138045.51	138045.51	0.00
10T.txt	0.75	50	138045.51	138045.51	0.00
20L.txt	0.75	20	20436.52	20436.52	0.00
20L.txt	0.75	20	20436.52	20436.52	0.00
20L.txt	0.75	20	20436.52	20436.52	0.00
20L.txt	0.75	20	20436.52	20436.52	0.00
20L.txt	0.75	20	20436.52	20436.52	0.00
20L.txt	0.75	20	20436.52	20436.52	0.00
20L.txt	0.75	20	20436.52	20436.52	0.00
20L.txt	0.75	20	20436.52	20436.52	0.00
20L.txt	0.75	20	20436.52	20436.52	0.00
20L.txt	0.75	20	20436.52	20436.52	0.00
20L.txt	0.75	30	50510.26	50510.26	0.01
20L.txt	0.75	30	50510.26	50510.26	0.01
20L.txt	0.75	30	50510.26	50510.26	0.01
20L.txt	0.75	30	50510.26	50510.26	0.01
20L.txt	0.75	30	50510.26	50510.26	0.01
20L.txt	0.75	30	50510.26	50510.26	0.01
20L.txt	0.75	30	50510.26	50510.26	0.01
20L.txt	0.75	30	50510.26	50510.26	0.01
20L.txt	0.75	30	50510.26	50510.26	0.01
20L.txt	0.75	30	50510.26	50510.26	0.01
20L.txt	0.75	50	126540.82	126832.45	0.03
20L.txt	0.75	50	126540.82	126832.45	0.02
20L.txt	0.75	50	126540.82	126832.45	0.02
20L.txt	0.75	50	126540.82	126832.45	0.02
20L.txt	0.75	50	126540.82	126832.45	0.02
20L.txt	0.75	50	126540.82	126832.45	0.02
20L.txt	0.75	50	126540.82	126832.45	0.02
20L.txt	0.75	50	126540.82	126832.45	0.02
20L.txt	0.75	50	126540.82	126832.45	0.02
20L.txt	0.75	50	126540.82	126832.45	0.02
20T.txt	0.75	20	17263.31	17263.31	0.00
20T.txt	0.75	20	17263.31	17263.31	0.00
20T.txt	0.75	20	17263.31	17263.31	0.00
20T.txt	0.75	20	17263.31	17263.31	0.00
20T.txt	0.75	20	17263.31	17263.31	0.00
20T.txt	0.75	20	17263.31	17263.31	0.00
20T.txt	0.75	20	17263.31	17263.31	0.00
20T.txt	0.75	20	17263.31	17263.31	0.00
20T.txt	0.75	20	17263.31	17263.31	0.01
20T.txt	0.75	20	17263.31	17263.31	0.00
20T.txt	0.75	30	45814.22	45814.22	0.01
20T.txt	0.75	30	45814.22	45814.22	0.01
20T.txt	0.75	30	45814.22	45814.22	0.00
20T.txt	0.75	30	45814.22	45814.22	0.01
20T.txt	0.75	30	45814.22	45814.22	0.00
20T.txt	0.75	30	45814.22	45814.22	0.01
20T.txt	0.75	30	45814.22	45814.22	0.01
20T.txt	0.75	30	45814.22	45814.22	0.01
20T.txt	0.75	30	45814.22	45814.22	0.01
20T.txt	0.75	30	45814.22	45814.22	0.01
20T.txt	0.75	50	121269.46	121640.24	0.01
20T.txt	0.75	50	121269.46	121640.24	0.01
20T.txt	0.75	50	121269.46	121640.24	0.01
20T.txt	0.75	50	121269.46	121640.24	0.01
20T.txt	0.75	50	121269.46	121640.24	0.01
20T.txt	0.75	50	121269.46	121640.24	0.01
20T.txt	0.75	50	121269.46	121640.24	0.01
20T.txt	0.75	50	121269.46	121640.24	0.01
20T.txt	0.75	50	121269.46	121640.24	0.01
20T.txt	0.75	50	121269.46	121640.24	0.01
25L.txt	0.75	20	19074.02	19074.02	0.01
25L.txt	0.75	20	19074.02	19074.02	0.01
25L.txt	0.75	20	19074.02	19074.02	0.01
25L.txt	0.75	20	19074.02	19074.02	0.01
25L.txt	0.75	20	19074.02	19074.02	0.01
25L.txt	0.75	20	19074.02	19074.02	0.01
25L.txt	0.75	20	19074.02	19074.02	0.01
25L.txt	0.75	20	19074.02	19074.02	0.01
25L.txt	0.75	20	19074.02	19074.02	0.01
25L.txt	0.75	20	19074.02	19074.02	0.01
25L.txt	0.75	30	47623.69	48228.20	0.01
25L.txt	0.75	30	47623.69	48228.20	0.01
25L.txt	0.75	30	47623.69	48228.20	0.01
25L.txt	0.75	30	47623.69	48228.20	0.01
25L.txt	0.75	30	47623.69	48228.20	0.01
25L.txt	0.75	30	47623.69	48228.20	0.01
25L.txt	0.75	30	47623.69	48228.20	0.01
25L.txt	0.75	30	47623.69	48228.20	0.01
25L.txt	0.75	30	47623.69	48228.20	0.01
25L.txt	0.75	30	47623.69	48228.20	0.01
25L.txt	0.75	50	122286.75	124493.64	0.06
25L.txt	0.75	50	122286.75	124493.64	0.06
25L.txt	0.75	50	122286.75	124493.64	0.06
25L.txt	0.75	50	122286.75	124493.64	0.06
25L.txt	0.75	50	122286.75	124493.64	0.06
25L.txt	0.75	50	122286.75	124493.64	0.07
25L.txt	0.75	50	122286.75	124493.64	0.09
25L.txt	0.75	50	122286.75	124493.64	0.07
25L.txt	0.75	50	122286.75	124493.64	0.06
25L.txt	0.75	50	122286.75	124493.64	0.06
25T.txt	0.75	20	12043.79	12043.79	0.01
25T.txt	0.75	20	12043.79	12043.79	0.01
25T.txt	0.75	20	12043.79	12043.79	0.01
25T.txt	0.75	20	12043.79	12043.79	0.01
25T.txt	0.75	20	12043.79	12043.79	0.01
25T.txt	0.75	20	12043.79	12043.79	0.01
25T.txt	0.75	20	12043.79	12043.79	0.01
25T.txt	0.75	20	12043.79	12043.79	0.01
25T.txt	0.75	20	12043.79	12043.79	0.01
25T.txt	0.75	20	12043.79	12043.79	0.01
25T.txt	0.75	30	37993.83	37993.83	0.01
25T.txt	0.75	30	37993.83	37993.83	0.01
25T.txt	0.75	30	37993.83	37993.83	0.01
25T.txt	0.75	30	37993.83	37993.83	0.01
25T.txt	0.75	30	37993.83	37993.83	0.01
25T.txt	0.75	30	37993.83	37993.83	0.01
25T.txt	0.75	30	37993.83	37993.83	0.01
25T.txt	0.75	30	37993.83	37993.83	0.01
25T.txt	0.75	30	37993.83	37993.83	0.01
25T.txt	0.75	30	37993.83	37993.83	0.02
25T.txt	0.75	50	111362.39	112736.43	0.01
25T.txt	0.75	50	111362.39	112736.43	0.01
25T.txt	0.75	50	111362.39	112736.43	0.01
25T.txt	0.75	50	111362.39	112736.43	0.01
25T.txt	0.75	50	111362.39	112736.43	0.01
25T.txt	0.75	50	111362.39	112736.43	0.01
25T.txt	0.75	50	111362.39	112736.43	0.01
25T.txt	0.75	50	111362.39	112736.43	0.01
25T.txt	0.75	50	111362.39	112736.43	0.01
25T.txt	0.75	50	111362.39	112736.43	0.01
40L.txt	0.75	20	15860.11	15860.11	0.03
40L.txt	0.75	20	15860.11	15860.11	0.03
40L.txt	0.75	20	15860.11	15860.11	0.03
40L.txt	0.75	20	15860.11	15860.11	0.03
40L.txt	0.75	20	15860.11	15860.11	0.03
40L.txt	0.75	20	15860.11	15860.11	0.04
40L.txt	0.75	20	15860.11	15860.11	0.03
40L.txt	0.75	20	15860.11	15860.11	0.03
40L.txt	0.75	20	15860.11	15860.11	0.03
40L.txt	0.75	20	15860.11	15860.11	0.03
40L.txt	0.75	30	41012.61	44888.72	0.18
40L.txt	0.75	30	41012.61	44888.72	0.17
40L.txt	0.75	30	41012.61	44888.72	0.17
40L.txt	0.75	30	41012.61	44888.72	0.17
40L.txt	0.75	30	41012.61	44888.72	0.12
40L.txt	0.75	30	41012.61	44888.72	0.12
40L.txt	0.75	30	41012.61	44888.72	0.12
40L.txt	0.75	30	41012.61	44888.72	0.12
40L.txt	0.75	30	41012.61	44888.72	0.12
40L.txt	0.75	30	41012.61	44888.72	0.12
40L.txt	0.75	50	111827.85	120130.24	0.16
40L.txt	0.75	50	111827.85	120130.24	0.16
40L.txt	0.75	50	111827.85	119681.84	0.12
40L.txt	0.75	50	111827.85	119681.84	0.12
40L.txt	0.75	50	111827.85	119681.84	0.12
40L.txt	0.75	50	111827.85	119681.84	0.12
40L.txt	0.75	50	111827.85	119681.84	0.12
40L.txt	0.75	50	111827.85	119681.84	0.12
40L.txt	0.75	50	111827.85	119681.84	0.12
40L.txt	0.75	50	111827.85	119681.84	0.12
40T.txt	0.75	20	6690.35	6690.35	0.03
40T.txt	0.75	20	6690.35	6690.35	0.03
40T.txt	0.75	20	6690.35	6690.35	0.03
40T.txt	0.75	20	6690.35	6690.35	0.03
40T.txt	0.75	20	6690.35	6690.35	0.03
40T.txt	0.75	20	6690.35	6690.35	0.03
40T.txt	0.75	20	6690.35	6690.35	0.03
40T.txt	0.75	20	6690.35	6690.35	0.03
40T.txt	0.75	20	6690.35	6690.35	0.03
40T.txt	0.75	20	6690.35	6690.35	0.03
40T.txt	0.75	30	30538.43	33383.59	0.04
40T.txt	0.75	30	30538.43	33383.59	0.04
40T.txt	0.75	30	30538.43	33383.59	0.04
40T.txt	0.75	30	30538.43	33383.59	0.04
40T.txt	0.75	30	30538.43	33383.59	0.04
40T.txt	0.75	30	30538.43	33383.59	0.04
40T.txt	0.75	30	30538.43	33383.59	0.04
40T.txt	0.75	30	30538.43	33383.59	0.04
40T.txt	0.75	30	30538.43	33383.59	0.04
40T.txt	0.75	30	30538.43	33383.59	0.04
40T.txt	0.75	50	100718.79	106718.69	0.09
40T.txt	0.75	50	100718.79	106718.69	0.09
40T.txt	0.75	50	100718.79	106718.69	0.08
40T.txt	0.75	50	100718.79	106718.69	0.08
40T.txt	0.75	50	100718.79	106718.69	0.08
40T.txt	0.75	50	100718.79	106718.69	0.08
40T.txt	0.75	50	100718.79	106718.69	0.08
40T.txt	0.75	50	100718.79	106718.69	0.08
40T.txt	0.75	50	100718.79	106718.69	0.08
40T.txt	0.75	50	100718.79	106718.69	0.08
50L.txt	0.75	20	15003.61	15003.61	0.04
50L.txt	0.75	20	15003.61	15003.61	0.04
50L.txt	0.75	20	15003.61	15003.61	0.05
50L.txt	0.75	20	15003.61	15003.61	0.04
50L.txt	0.75	20	15003.61	15003.61	0.04
50L.txt	0.75	20	15003.61	15003.61	0.04
50L.txt	0.75	20	15003.61	15003.61	0.05
50L.txt	0.75	20	15003.61	15003.61	0.04
50L.txt	0.75	20	15003.61	15003.61	0.08
50L.txt	0.75	20	15003.61	15003.61	0.08
50L.txt	0.75	30	39500.96	43682.47	0.24
50L.txt	0.75	30	39500.96	43682.47	0.23
50L.txt	0.75	30	39500.96	43682.47	0.23
50L.txt	0.75	30	39500.96	43682.47	0.23
50L.txt	0.75	30	39500.96	43337.64	0.25
50L.txt	0.75	30	39500.96	43337.64	0.24
50L.txt	0.75	30	39500.96	43337.64	0.24
50L.txt	0.75	30	39500.96	43337.64	0.24
50L.txt	0.75	30	39500.96	43337.64	0.57
50L.txt	0.75	30	39500.96	43337.64	0.58
50L.txt	0.75	50	109256.34	119340.59	0.32
50L.txt	0.75	50	109256.34	119340.59	0.32
50L.txt	0.75	50	109256.34	119340.59	0.32
50L.txt	0.75	50	109256.34	119340.59	0.49
50L.txt	0.75	50	109256.34	119340.59	0.49
50L.txt	0.75	50	109256.34	119340.59	0.30
50L.txt	0.75	50	109256.34	119340.59	0.30
50L.txt	0.75	50	109256.34	119340.59	0.30
50L.txt	0.75	50	109256.34	119340.59	0.28
50L.txt	0.75	50	109256.34	119340.59	0.28
50T.txt	0.75	20	8338.91	8338.91	0.05
50T.txt	0.75	20	8338.91	8338.91	0.05
50T.txt	0.75	20	8338.91	8338.91	0.05
50T.txt	0.75	20	8338.91	8338.91	0.05
50T.txt	0.75	20	8338.91	8338.91	0.05
50T.txt	0.75	20	8338.91	8338.91	0.05
50T.txt	0.75	20	8338.91	8338.91	0.05
50T.txt	0.75	20	8338.91	8338.91	0.04
50T.txt	0.75	20	8338.91	8338.91	0.05
50T.txt	0.75	20	8338.91	8338.91	0.04
50T.txt	0.75	30	29446.80	31787.14	0.13
50T.txt	0.75	30	29446.80	31787.14	0.13
50T.txt	0.75	30	29446.80	31787.14	0.13
50T.txt	0.75	30	29446.80	31787.14	0.13
50T.txt	0.75	30	29446.80	31787.14	0.13
50T.txt	0.75	30	29446.80	31787.14	0.14
50T.txt	0.75	30	29446.80	31787.14	0.13
50T.txt	0.75	30	29446.80	31787.14	0.11
50T.txt	0.75	30	29446.80	31787.14	0.11
50T.txt	0.75	30	29446.80	31787.14	0.10
50T.txt	0.75	50	98195.17	105523.22	0.15
50T.txt	0.75	50	98195.17	105523.22	0.16
50T.txt	0.75	50	98195.17	105523.22	0.16
50T.txt	0.75	50	98195.17	105523.22	0.16
50T.txt	0.75	50	98195.17	105523.22	0.21
50T.txt	0.75	50	98195.17	105523.22	0.20
50T.txt	0.75	50	98195.17	105523.22	0.21
50T.txt	0.75	50	98195.17	105523.22	0.20
50T.txt	0.75	50	98195.17	105523.22	0.20
50T.txt	0.75	50	98195.17	105523.22	0.22
75L.txt	0.75	20	14424.71	14424.71	0.27
75L.txt	0.75	20	14424.71	14424.71	0.27
75L.txt	0.75	20	14424.71	14424.71	0.27
75L.txt	0.75	20	14424.71	14424.71	0.18
75L.txt	0.75	20	14424.71	14424.71	0.17
75L.txt	0.75	20	14424.71	14424.71	0.17
75L.txt	0.75	20	14424.71	14424.71	0.17
75L.txt	0.75	20	14424.71	14424.71	0.17
75L.txt	0.75	20	14424.71	14424.71	0.18
75L.txt	0.75	20	14424.71	14424.71	0.18
75L.txt	0.75	30	37674.49	43985.90	1.40
75L.txt	0.75	30	37674.49	43985.90	1.09
75L.txt	0.75	30	37674.49	43985.90	1.42
75L.txt	0.75	30	37674.49	43985.90	0.74
75L.txt	0.75	30	37674.49	43985.90	1.17
75L.txt	0.75	30	37674.49	43985.90	1.42
75L.txt	0.75	30	37674.49	43985.90	0.80
75L.txt	0.75	30	37674.49	43985.90	0.66
75L.txt	0.75	30	37674.49	43985.90	0.86
75L.txt	0.75	30	37674.49	43985.90	1.49
75L.txt	0.75	50	106980.54	119524.02	2.88
75L.txt	0.75	50	106980.54	119524.02	1.27
75L.txt	0.75	50	106980.54	119524.02	0.90
75L.txt	0.75	50	106980.54	119524.02	2.12
75L.txt	0.75	50	106980.54	119524.02	1.56
75L.txt	0.75	50	106980.54	119524.02	2.25
75L.txt	0.75	50	106980.54	119524.02	2.20
75L.txt	0.75	50	106980.54	119524.02	2.00
75L.txt	0.75	50	106980.54	119524.02	1.98
75L.txt	0.75	50	106980.54	119524.02	1.25
75T.txt	0.75	20	1144.13	1144.13	0.21
75T.txt	0.75	20	1144.13	1144.13	0.21
75T.txt	0.75	20	1144.13	1144.13	0.21
75T.txt	0.75	20	1144.13	1144.13	0.21
75T.txt	0.75	20	1144.13	1144.13	0.15
75T.txt	0.75	20	1144.13	1144.13	0.16
75T.txt	0.75	20	1144.13	1144.13	0.15
75T.txt	0.75	20	1144.13	1144.13	0.15
75T.txt	0.75	20	1144.13	1144.13	0.15
75T.txt	0.75	20	1144.13	1144.13	0.18
75T.txt	0.75	30	24969.23	25999.62	0.32
75T.txt	0.75	30	24969.23	25999.62	0.31
75T.txt	0.75	30	24969.23	25999.62	0.31
75T.txt	0.75	30	24969.23	25999.62	0.31
75T.txt	0.75	30	24969.23	25999.62	0.31
75T.txt	0.75	30	24969.23	25999.62	0.31
75T.txt	0.75	30	24969.23	25999.62	0.34
75T.txt	0.75	30	24969.23	25999.62	0.33
75T.txt	0.75	30	24969.23	25999.62	0.33
75T.txt	0.75	30	24969.23	25999.62	0.24
75T.txt	0.75	50	92704.64	99186.32	0.46
75T.txt	0.75	50	92704.64	99186.32	0.46
75T.txt	0.75	50	92704.64	99186.32	0.44
75T.txt	0.75	50	92704.64	99186.32	0.43
75T.txt	0.75	50	92704.64	99186.32	0.63
75T.txt	0.75	50	92704.64	99186.32	0.64
75T.txt	0.75	50	92704.64	99186.32	0.44
75T.txt	0.75	50	92704.64	99186.32	0.43
75T.txt	0.75	50	92704.64	99186.32	0.41
75T.txt	0.75	50	92704.64	99186.32	0.42
100L.txt	0.75	20	13943.89	13943.89	0.64
100L.txt	0.75	20	13943.89	13943.89	0.65
100L.txt	0.75	20	13943.89	13943.89	0.47
100L.txt	0.75	20	13943.89	13943.89	0.47
100L.txt	0.75	20	13943.89	13943.89	0.46
100L.txt	0.75	20	13943.89	13943.89	0.46
100L.txt	0.75	20	13943.89	13943.89	0.85
100L.txt	0.75	20	13943.89	13943.89	0.66
100L.txt	0.75	20	13943.89	13943.89	0.66
100L.txt	0.75	20	13943.89	13943.89	0.34
100L.txt	0.75	30	37347.19	43052.07	4.57
100L.txt	0.75	30	37347.19	43052.07	2.94
100L.txt	0.75	30	37347.19	43052.07	5.44
100L.txt	0.75	30	37347.19	43052.07	4.24
100L.txt	0.75	30	37347.19	43052.07	3.81
100L.txt	0.75	30	37347.19	43052.07	3.18
100L.txt	0.75	30	37347.19	43052.07	3.19
100L.txt	0.75	30	37347.19	43052.07	3.45
100L.txt	0.75	30	37347.19	42758.17	2.22
100L.txt	0.75	30	37347.19	43052.07	4.24
100L.txt	0.75	50	105324.17	118102.64	4.42
100L.txt	0.75	50	105324.17	118102.64	4.27
100L.txt	0.75	50	105324.17	118102.64	3.05
100L.txt	0.75	50	105324.17	118102.64	2.22
100L.txt	0.75	50	105324.17	118102.64	2.41
100L.txt	0.75	50	105324.17	118102.64	4.17
100L.txt	0.75	50	105324.17	118102.64	6.30
100L.txt	0.75	50	105324.17	118102.64	3.03
100L.txt	0.75	50	105324.17	118102.64	4.45
100L.txt	0.75	50	105324.17	118102.64	3.03
100T.txt	0.75	20	2116.57	2116.57	0.45
100T.txt	0.75	20	2116.57	2116.57	0.37
100T.txt	0.75	20	2116.57	2116.57	0.37
100T.txt	0.75	20	2116.57	2116.57	0.35
100T.txt	0.75	20	2116.57	2116.57	0.35
100T.txt	0.75	20	2116.57	2116.57	0.35
100T.txt	0.75	20	2116.57	2116.57	0.48
100T.txt	0.75	20	2116.57	2116.57	0.46
100T.txt	0.75	20	2116.57	2116.57	0.36
100T.txt	0.75	20	2116.57	2116.57	0.36
100T.txt	0.75	30	21303.80	25271.32	1.42
100T.txt	0.75	30	21303.80	25271.32	0.78
100T.txt	0.75	30	21303.80	25271.32	0.85
100T.txt	0.75	30	21303.80	25271.32	0.85
100T.txt	0.75	30	21303.80	25271.32	0.85
100T.txt	0.75	30	21303.80	25271.32	0.73
100T.txt	0.75	30	21303.80	25271.32	0.68
100T.txt	0.75	30	21303.80	25271.32	0.96
100T.txt	0.75	30	21303.80	25271.32	0.85
100T.txt	0.75	30	21303.80	25271.32	0.86
100T.txt	0.75	50	88407.51	98113.77	1.09
100T.txt	0.75	50	88407.51	98113.77	1.27
100T.txt	0.75	50	88407.51	98113.77	1.79
100T.txt	0.75	50	88407.51	98113.77	1.05
100T.txt	0.75	50	88407.51	98113.77	1.42
100T.txt	0.75	50	88407.51	98113.77	1.29
100T.txt	0.75	50	88407.51	98113.77	1.07
100T.txt	0.75	50	88407.51	98113.77	1.51
100T.txt	0.75	50	88407.51	98113.77	1.42
100T.txt	0.75	50	88407.51	98113.77	1.25
125L.txt	0.75	20	14983.41	15135.19	2.40
125L.txt	0.75	20	14983.41	15135.19	2.85
125L.txt	0.75	20	14983.41	15135.19	2.83
125L.txt	0.75	20	14983.41	15135.19	2.07
125L.txt	0.75	20	14983.41	15135.19	3.29
125L.txt	0.75	20	14983.41	15135.19	4.20
125L.txt	0.75	20	14983.41	15135.19	2.06
125L.txt	0.75	20	14983.41	15135.19	2.27
125L.txt	0.75	20	14983.41	15135.19	2.49
125L.txt	0.75	20	14983.41	15135.19	2.24
125L.txt	0.75	30	38372.17	45081.60	6.34
125L.txt	0.75	30	38372.17	45068.74	5.34
125L.txt	0.75	30	38372.17	45068.74	6.00
125L.txt	0.75	30	38372.17	45068.74	5.43
125L.txt	0.75	30	38372.17	45081.60	6.07
125L.txt	0.75	30	38372.17	45081.60	7.45
125L.txt	0.75	30	38372.17	45081.60	10.24
125L.txt	0.75	30	38372.17	45081.60	11.83
125L.txt	0.75	30	38372.17	45081.60	5.56
125L.txt	0.75	30	38372.17	45068.74	3.62
125L.txt	0.75	50	104845.55	120104.21	9.64
125L.txt	0.75	50	104845.55	120104.21	7.14
125L.txt	0.75	50	104845.55	120104.21	16.79
125L.txt	0.75	50	104845.55	120104.21	12.67
125L.txt	0.75	50	104845.55	120104.21	5.67
125L.txt	0.75	50	104845.55	120104.21	9.42
125L.txt	0.75	50	104845.55	120104.21	17.51
125L.txt	0.75	50	104845.55	120104.21	6.87
125L.txt	0.75	50	104845.55	120104.21	9.56
125L.txt	0.75	50	104845.55	120104.21	11.65
125T.txt	0.75	20	7169.77	7169.77	0.94
125T.txt	0.75	20	7169.77	7169.77	0.77
125T.txt	0.75	20	7169.77	7169.77	0.77
125T.txt	0.75	20	7169.77	7169.77	1.09
125T.txt	0.75	20	7169.77	7169.77	1.25
125T.txt	0.75	20	7169.77	7169.77	1.29
125T.txt	0.75	20	7169.77	7169.77	0.90
125T.txt	0.75	20	7169.77	7169.77	1.09
125T.txt	0.75	20	7169.77	7169.77	1.12
125T.txt	0.75	20	7169.77	7169.77	1.13
125T.txt	0.75	30	29586.11	29586.11	1.21
125T.txt	0.75	30	29586.11	29586.11	1.34
125T.txt	0.75	30	29586.11	29586.11	0.95
125T.txt	0.75	30	29586.11	29586.11	0.93
125T.txt	0.75	30	29586.11	29586.11	0.79
125T.txt	0.75	30	29586.11	29586.11	0.79
125T.txt	0.75	30	29586.11	29586.11	0.84
125T.txt	0.75	30	29586.11	29586.11	0.93
125T.txt	0.75	30	29586.11	29586.11	0.77
125T.txt	0.75	30	29586.11	29586.11	0.81
125T.txt	0.75	50	93251.38	93251.38	0.70
125T.txt	0.75	50	93251.38	93251.38	0.70
125T.txt	0.75	50	93251.38	93251.38	0.87
125T.txt	0.75	50	93251.38	93251.38	1.13
125T.txt	0.75	50	93251.38	93251.38	0.89
125T.txt	0.75	50	93251.38	93251.38	1.19
125T.txt	0.75	50	93251.38	93251.38	0.63
125T.txt	0.75	50	93251.38	93251.38	1.15
125T.txt	0.75	50	93251.38	93251.38	0.90
125T.txt	0.75	50	93251.38	93251.38	1.36
150L.txt	0.75	20	14426.16	14540.77	3.42
150L.txt	0.75	20	14426.16	14540.77	5.79
150L.txt	0.75	20	14426.16	14540.77	2.50
150L.txt	0.75	20	14426.16	14540.77	6.87
150L.txt	0.75	20	14426.16	14540.77	2.33
150L.txt	0.75	20	14426.16	14540.77	6.01
150L.txt	0.75	20	14426.16	14540.77	2.91
150L.txt	0.75	20	14426.16	14540.77	3.70
150L.txt	0.75	20	14426.16	14540.77	3.85
150L.txt	0.75	20	14426.16	14540.77	5.31
150L.txt	0.75	30	37547.62	44168.96	12.75
150L.txt	0.75	30	37547.62	44168.96	11.02
150L.txt	0.75	30	37547.62	44168.96	9.53
150L.txt	0.75	30	37547.62	44168.96	18.13
150L.txt	0.75	30	37547.62	44168.96	15.77
150L.txt	0.75	30	37547.62	44168.96	13.12
150L.txt	0.75	30	37547.62	44168.96	8.43
150L.txt	0.75	30	37547.62	44168.96	14.22
150L.txt	0.75	30	37547.62	44168.96	9.92
150L.txt	0.75	30	37547.62	44168.96	16.63
150L.txt	0.75	50	105032.90	119329.25	9.73
150L.txt	0.75	50	105032.90	119329.25	31.00
150L.txt	0.75	50	105032.90	119244.37	8.43
150L.txt	0.75	50	105032.90	119329.25	12.96
150L.txt	0.75	50	105032.90	119329.25	12.63
150L.txt	0.75	50	105032.90	119329.25	29.34
150L.txt	0.75	50	105032.90	119329.25	31.05
150L.txt	0.75	50	105032.90	119329.25	14.82
150L.txt	0.75	50	105032.90	119329.25	23.32
150L.txt	0.75	50	105032.90	119329.25	14.72
150T.txt	0.75	20	9939.03	10936.81	3.52
150T.txt	0.75	20	9939.03	10936.81	3.87
150T.txt	0.75	20	9939.03	10936.81	3.50
150T.txt	0.75	20	9939.03	10936.81	2.60
150T.txt	0.75	20	9939.03	10936.81	3.18
150T.txt	0.75	20	9939.03	10936.81	3.19
150T.txt	0.75	20	9939.03	10936.81	3.48
150T.txt	0.75	20	9939.03	10936.81	5.08
150T.txt	0.75	20	9939.03	10936.81	3.58
150T.txt	0.75	20	9939.03	10936.81	3.52
150T.txt	0.75	30	33726.88	38294.30	4.22
150T.txt	0.75	30	33726.88	38294.30	9.54
150T.txt	0.75	30	33726.88	38294.30	6.19
150T.txt	0.75	30	33726.88	38294.30	5.73
150T.txt	0.75	30	33726.88	38294.30	5.99
150T.txt	0.75	30	33726.88	38294.30	7.06
150T.txt	0.75	30	33726.88	38294.30	6.62
150T.txt	0.75	30	33726.88	38294.30	4.46
150T.txt	0.75	30	33726.88	38294.30	4.21
150T.txt	0.75	30	33726.88	38294.30	4.67
150T.txt	0.75	50	101285.20	111271.76	8.65
150T.txt	0.75	50	101285.20	111271.76	11.36
150T.txt	0.75	50	101285.20	111271.76	6.83
150T.txt	0.75	50	101285.20	111271.76	7.57
150T.txt	0.75	50	101285.20	111271.76	8.83
150T.txt	0.75	50	101285.20	111271.76	6.84
150T.txt	0.75	50	101285.20	111271.76	7.69
150T.txt	0.75	50	101285.20	111271.76	8.10
150T.txt	0.75	50	101285.20	111271.76	11.57
150T.txt	0.75	50	101285.20	111271.76	9.03
200L.txt	0.75	20	13660.35	13660.35	6.82
200L.txt	0.75	20	13660.35	13660.35	4.04
200L.txt	0.75	20	13660.35	13660.35	4.12
200L.txt	0.75	20	13660.35	13660.35	9.84
200L.txt	0.75	20	13660.35	13660.35	3.85
200L.txt	0.75	20	13660.35	13660.35	6.51
200L.txt	0.75	20	13660.35	13660.35	4.20
200L.txt	0.75	20	13660.35	13660.35	6.21
200L.txt	0.75	20	13660.35	13660.35	3.20
200L.txt	0.75	20	13660.35	13660.35	7.91
200L.txt	0.75	30	37027.66	43253.98	28.17
200L.txt	0.75	30	37027.66	43253.98	22.54
200L.txt	0.75	30	37027.66	43253.98	67.16
200L.txt	0.75	30	37027.66	43253.98	38.22
200L.txt	0.75	30	37027.66	43253.98	30.60
200L.txt	0.75	30	37027.66	43253.98	26.92
200L.txt	0.75	30	37027.66	43253.98	32.11
200L.txt	0.75	30	37027.66	43253.98	28.30
200L.txt	0.75	30	37027.66	43253.98	31.37
200L.txt	0.75	30	37027.66	43253.98	25.81
200L.txt	0.75	50	103515.17	118304.70	31.03
200L.txt	0.75	50	103515.17	118304.70	40.78
200L.txt	0.75	50	103515.17	118304.70	26.12
200L.txt	0.75	50	103515.17	118304.70	42.32
200L.txt	0.75	50	103515.17	118304.70	36.86
200L.txt	0.75	50	103515.17	118304.70	27.13
200L.txt	0.75	50	103515.17	118304.70	66.70
200L.txt	0.75	50	103515.17	118304.70	51.39
200L.txt	0.75	50	103515.17	118304.70	25.20
200L.txt	0.75	50	103515.17	118304.70	20.28
200T.txt	0.75	20	6557.76	7392.64	6.72
200T.txt	0.75	20	6557.76	7392.64	8.72
200T.txt	0.75	20	6557.76	7392.64	10.50
200T.txt	0.75	20	6557.76	7392.64	6.49
200T.txt	0.75	20	6557.76	7392.64	6.26
200T.txt	0.75	20	6557.76	7392.64	6.39
200T.txt	0.75	20	6557.76	7392.64	11.67
200T.txt	0.75	20	6557.76	7392.64	10.93
200T.txt	0.75	20	6557.76	7392.64	8.48
200T.txt	0.75	20	6557.76	7392.64	8.16
200T.txt	0.75	30	30380.92	35317.26	19.31
200T.txt	0.75	30	30380.92	35317.26	33.63
200T.txt	0.75	30	30380.92	35317.26	19.41
200T.txt	0.75	30	30380.92	35317.26	20.86
200T.txt	0.75	30	30380.92	35317.26	16.90
200T.txt	0.75	30	30380.92	35317.26	19.57
200T.txt	0.75	30	30380.92	35317.26	22.99
200T.txt	0.75	30	30380.92	35317.26	26.67
200T.txt	0.75	30	30380.92	35317.26	23.20
200T.txt	0.75	30	30380.92	35317.26	26.43
200T.txt	0.75	50	98892.02	109676.37	47.21
200T.txt	0.75	50	98892.02	109676.37	44.78
200T.txt	0.75	50	98892.02	109676.37	32.67
200T.txt	0.75	50	98892.02	109676.37	44.31
200T.txt	0.75	50	98892.02	109676.37	39.39
200T.txt	0.75	50	98892.02	109676.37	58.44
200T.txt	0.75	50	98892.02	109676.37	33.89
200T.txt	0.75	50	98892.02	109676.37	39.07
200T.txt	0.75	50	98892.02	109676.37	28.45
200T.txt	0.75	50	98892.02	109676.37	50.10
40L.txt	0.75	30	41012.61	44888.72	0.10
200L.txt	0.75	50	103515.17	118304.70	49.29
200L.txt	0.75	50	103515.17	118304.70	219.49
200L.txt	0.75	50	103515.17	118304.70	192.47
200L.txt	0.75	50	103515.17	118304.70	297.50
200L.txt	0.75	50	103515.17	118304.70	63.41
200L.txt	0.75	50	103515.17	118304.70	279.77
20L.txt	0.75	50	126540.82	126540.82	0.27
20L.txt	0.75	50	126540.82	126540.82	0.37
20L.txt	0.75	50	126540.82	126540.82	0.36
20L.txt	0.75	50	126540.82	126832.45	0.54
20L.txt	0.75	50	126540.82	126540.82	0.01
20L.txt	0.75	50	126540.82	126832.45	0.02
20L.txt	0.75	50	126540.82	126832.45	0.02
20L.txt	0.75	50	126540.82	126540.82	0.01
100L.txt	0.75	50	105324.17	118102.64	7.59
20L.txt	0.75	50	126540.82	126540.82	0.70
100L.txt	0.75	50	105324.17	118102.64	22.66
100L.txt	0.75	50	105324.17	118102.64	15.56
20L.txt	0.75	50	126540.82	126832.45	0.64
50L.txt	0.75	50	109256.34	118956.17	1.74
50L.txt	0.75	50	109256.34	118956.17	2.07
50L.txt	0.75	50	109256.34	119340.59	0.30
50L.txt	0.75	50	109256.34	119340.59	0.49
50L.txt	0.75	50	109256.34	119340.59	0.44
50L.txt	0.75	50	109256.34	119340.59	0.42
50L.txt	0.75	50	109256.34	119340.59	0.41
50L.txt	0.75	50	109256.34	119340.59	0.42
100L.txt	0.75	50	105324.17	118102.64	6.15
100L.txt	0.75	50	105324.17	118102.64	4.80
100L.txt	0.75	50	105324.17	118085.50	3.30
100L.txt	0.75	50	105324.17	118102.64	3.19
100L.txt	0.75	50	105324.17	118102.64	3.88
100L.txt	0.75	50	105324.17	118102.64	2.77
100L.txt	0.75	50	105324.17	118102.64	3.27
100L.txt	0.75	50	105324.17	118102.64	4.38
100L.txt	0.75	50	105324.17	118102.64	2.61
100L.txt	0.75	50	105324.17	118102.64	5.21
100L.txt	0.75	50	105324.17	118102.64	2.12
100L.txt	0.75	50	105324.17	118102.64	4.66
100L.txt	0.75	50	105324.17	118102.64	3.00
100L.txt	0.75	50	105324.17	118102.64	3.24
100L.txt	0.75	50	105324.17	118102.64	4.88
40L.txt	0.75	50	111827.85	120130.24	0.13
40L.txt	0.75	30	41012.61	44888.72	0.08
40T.txt	0.75	30	30538.43	33383.59	0.05
40T.txt	0.75	30	30538.43	33383.59	0.07
40T.txt	0.75	30	30538.43	33383.59	0.06
40T.txt	0.75	30	30538.43	33383.59	0.05
50L.txt	0.75	50	109256.34	119340.59	0.31
50L.txt	0.75	50	109256.34	119340.59	0.33
40L.txt	0.75	50	111827.85	120130.24	0.12
40T.txt	0.75	50	100718.79	106718.69	0.04
500i.txt	0.75	50	609773638.46	611099165.97	445.70
125T.txt	0.75	30	29586.11	29586.11	0.77
125T.txt	0.75	30	29586.11	29586.11	1.12
125T.txt	0.75	30	29586.11	29586.11	1.02
125T.txt	0.75	30	29586.11	29586.11	0.83
125T.txt	0.75	30	29586.11	29586.11	0.92
125T.txt	0.75	30	29586.11	29586.11	1.15
125T.txt	0.75	30	29586.11	29586.11	1.41
125T.txt	0.75	30	29586.11	29586.11	1.16
125T.txt	0.75	30	29586.11	29586.11	0.88
125T.txt	0.75	30	29586.11	29586.11	1.22
125T.txt	0.75	30	29586.11	29586.11	1.17
125T.txt	0.75	30	29586.11	29586.11	1.32
125T.txt	0.75	30	29586.11	29586.11	0.98
125T.txt	0.75	30	29586.11	29586.11	0.89
125T.txt	0.75	30	29586.11	29586.11	1.09
125T.txt	0.75	30	29586.11	29586.11	1.53
125T.txt	0.75	30	29586.11	29586.11	1.20
125T.txt	0.75	30	29586.11	29586.11	1.21
125T.txt	0.75	30	29586.11	29586.11	1.06
125T.txt	0.75	30	29586.11	29586.11	1.09
125T.txt	0.75	30	29586.11	29586.11	0.88
125T.txt	0.75	30	29586.11	29586.11	0.78
125T.txt	0.75	30	29586.11	29586.11	1.43
125T.txt	0.75	30	29586.11	29586.11	1.11
125T.txt	0.75	30	29586.11	29586.11	1.77
125T.txt	0.75	30	29586.11	29586.11	0.79
125T.txt	0.75	30	29586.11	29586.11	0.77
125T.txt	0.75	30	29586.11	29586.11	0.79
125T.txt	0.75	30	29586.11	29586.11	1.16
125T.txt	0.75	30	29586.11	29586.11	0.83
